SNP	Chr	Position	Nearest.Gene	entrez_id	Chr	start_position	end_position	Distance_to_gene
rs10245192	7	115734088	NA	NA	NA	NA	NA	NA
rs1449292	3	29890394	NA	NA	NA	NA	NA	NA
rs17694404	17	48270992	AC090627.1	NA	17	48294335	48308762	23343
rs2055566	2	241411522	NA	NA	NA	NA	NA	NA
rs2065936	10	3363335	AL139280.1	NA	10	3266003	3267015	96320
rs2734510	11	1927731	TNNT3	7140	11	1919562	1938706	8169
rs3746070	19	3181068	S1PR4	8698	19	3172346	3180332	736
rs556874	3	55473253	NA	NA	NA	NA	NA	NA
rs6105966	20	18817755	SCP2D1	140856	20	18813726	18814392	3363
rs6466555	7	115722493	NA	NA	NA	NA	NA	NA
rs6574751	14	83621173	RNU6ATAC28P	NA	14	83750384	83750501	129211
rs7033108	9	134217399	NA	NA	NA	NA	NA	NA
rs7854383	9	81822500	NA	NA	NA	NA	NA	NA
rs792399	17	57342880	AC091181.1	NA	17	57277920	57280017	62863
rs9607931	22	42726714	A4GALT	53947	22	42692112	42721298	5416
